;Exported by: chand
;Date:        Sat Aug 12 22:21:00 2017
;File:        C:\Users\chand\Desktop\Men of war pwoer armor.max
{Skeleton
	{bone revolute "basis"
		{limits -30 30}
		{speed 0.1}
		{Orientation
			1	0	0
			0	-1	0
			0	0	1
		}
		{bone "body"
			{parameters "Voxels=0;"}
			{Matrix34
				0	0	1
				0	-1	0
				1	0	0
				0	0.0344553	19.9224
			}
			{bone "foot1l"
				{parameters "Voxels=0;"}
				{Matrix34
					-0.993535	-0.0202547	0.111703
					0.111666	0.00297537	0.993741
					0.0204603	-0.99979	0.000694357
					-0.143509	-2.13095	-0.488995
				}
				{bone "foot2l"
					{parameters "Voxels=0;"}
					{Matrix34
						0.952385	-0.304899	-0.000108004
						0.304899	0.952385	-4.08287e-05
						0.000115292	0	1
						9.37838	-0.0471725	0
					}
					{bone "bone06"
						{Matrix34
							0.22138	0.973964	0.0488401
							-0.972284	0.216583	0.0880677
							0.0751968	-0.0669829	0.994916
							8.74023	0.113252	0.00567889
						}
					}
					{bone "foot3l"
						{parameters "Voxels=0;"}
						{Matrix34
							0.0905581	0.979615	0.179314
							0.00345619	-0.180362	0.983594
							0.995885	-0.088453	-0.019719
							9.2003	-0.34629	-0.0729971
						}
						{bone "bone07"
							{Position 2.60015	0	0}
						}
					}
				}
			}
			{bone "foot1r"
				{parameters "Voxels=0;"}
				{Matrix34
					-0.993573	0.0113961	0.112618
					0.112606	-0.00168935	0.993638
					0.0115138	0.999934	0.00039523
					-0.143518	2.17103	-0.488755
				}
				{bone "foot2r"
					{parameters "Voxels=0;"}
					{Matrix34
						0.951792	-0.306745	-0.000104398
						0.306745	0.951792	-3.94727e-05
						0.000111675	0	1
						9.37831	-0.0472322	0
					}
					{bone "bone03"
						{Matrix34
							0.221381	0.973964	0.04884
							-0.972284	0.216582	0.0880676
							0.075197	-0.0669829	0.994916
							8.74023	0.113252	0.00568032
						}
					}
					{bone "foot3r"
						{parameters "Voxels=0;"}
						{Matrix34
							0.0880245	0.974738	0.205276
							0.00721112	0.205447	-0.978642
							-0.996092	0.0876247	0.0110552
							9.2003	-0.346289	-0.0729964
						}
						{bone "bone05"
							{Position 2.60015	0	0}
						}
					}
				}
			}
			{bone revolute "ik_leftright"
				{parameters "Voxels=0;"}
				{limits -20 20}
				{speed 0.1}
				{Matrix34
					0	0	1
					0	-1	0
					1	0	0
					1.90368	0.0344548	0
				}
			}
			{bone revolute "placement"
				{Matrix34
					0	1	0
					-1	0	0
					0	0	1
					0.783108	10.6858	-9.60778
				}
			}
		}
		{bone "ik_chain05"
			{Position -0.156063	-5.80921	18.2262}
		}
		{bone "ik_chain03"
			{Matrix34
				1	0	0
				0	-1	0
				0	0	1
				-1.09561	2.53715	1.86587
			}
		}
		{bone "ik_chain04"
			{Matrix34
				1	0	0
				0	-1	0
				0	0	1
				3.29347	3.4301	0.0514984
			}
		}
		{bone "ik_chain02"
			{Position 3.29347	-3.36689	0.0514994}
		}
		{bone "ik_chain01"
			{Position -1.09561	-2.34785	1.86587}
		}
		{bone "ik_chain06"
			{Position 0.240946	5.80709	18.4566}
		}
		{bone revolute "foresight2rot"
			{parameters "Voxels=0;"}
			{limits -20 20}
			{speed 0.1}
			{Position 13.7429	-0.219209	27.5947}
		}
		{bone "palm_ik_holder_right02"
			{Matrix34
				0.146763	-0.11831	-0.982071
				0.856389	0.512058	0.0662932
				0.495034	-0.850764	0.17647
				-0.918084	-5.19492	23.3253
			}
			{bone "palm_ik_holder_right01"
				{Matrix34
					0.00333637	-0.999958	0.00855805
					-0.999992	-0.00331794	0.00210744
					-0.00207892	-0.00856488	-0.999961
					5.19225	0	0
				}
				{bone "palm_ik_holder_right"
					{Matrix34
						-0.987462	-0.121604	-0.100652
						-0.0703692	-0.231655	0.970249
						-0.141303	0.965168	0.220194
						0.119855	-0.164879	0.148729
					}
					{bone "ik_chain07"
						{Matrix34
							0.999955	0.0032404	-0.00886283
							2.73936e-05	0.938189	0.346125
							0.0094369	-0.34611	0.938147
							0.138651	1.07072	-1.80207
						}
					}
				}
			}
		}
		{bone "palm_ik_holder_left02"
			{Matrix34
				0.321706	-0.0417486	-0.945919
				0.808664	-0.507544	0.297426
				-0.492513	-0.860614	-0.129519
				-1.42942	6.02384	23.3681
			}
			{bone "palm_ik_holder_left01"
				{Matrix34
					0.00130212	-0.999932	0.0116379
					-0.999999	-0.00131422	-0.00103842
					0.00105371	-0.0116362	-0.999932
					5.25744	-0.000657558	-0.00162125
				}
				{bone "palm_ik_holder_left"
					{Matrix34
						0.965404	0.249251	-0.0766093
						-0.0261246	-0.199862	-0.979476
						-0.259446	0.947592	-0.186436
						0.0856142	-0.3388	-0.0894642
					}
					{bone "ik_chain08"
						{Matrix34
							0.999967	-0.00286259	0.0075845
							0.000204498	0.944171	0.329455
							-0.00810432	-0.329442	0.944141
							-0.0736464	1.03671	-1.8188
						}
					}
				}
			}
		}
	}
}
